  11       0 sr0 7 0 2 0 0 0 0 0 0 12 0 0 0 0 0 0 0
 259       0 nvme0n1 7117 1206 1430453 2565 1742926 18824 36437277 235640 0 2293484 238205 0 0 0 0 0 0
 259       1 nvme0n1p1 172 1172 14312 53 3 0 10 0 0 96 54 0 0 0 0 0 0
 259       2 nvme0n1p2 500 0 156790 116 9 0 4169 3 0 136 119 0 0 0 0 0 0
 259       3 nvme0n1p3 6332 34 1253775 2376 1742914 18824 36433098 235636 0 2293408 238013 0 0 0 0 0 0
 259       4 nvme0n2 104 0 5728 82 0 0 0 0 0 84 82 0 0 0 0 0 0
 259       5 nvme0n3 104 0 5728 78 0 0 0 0 0 96 78 0 0 0 0 0 0
 259       6 nvme0n4 104 0 5728 70 0 0 0 0 0 80 70 0 0 0 0 0 0
 259       7 nvme0n5 104 0 5728 78 0 0 0 0 0 104 78 0 0 0 0 0 0
 259       8 nvme0n6 104 0 5728 69 0 0 0 0 0 92 69 0 0 0 0 0 0
 259       9 nvme0n7 104 0 5728 73 0 0 0 0 0 92 73 0 0 0 0 0 0
 252       0 dm-0 5825 0 1237695 2088 1748728 0 36433098 179972 0 2295620 182060 0 0 0 0 0 0
 252       1 dm-1 97 0 4432 16 0 0 0 0 0 16 16 0 0 0 0 0 0
 252       2 dm-2 370090 3 62895432 27265 43114 17786 1983104 3752 0 336008 31017 0 0 0 0 0 0
 252       3 dm-3 351462 2 62943916 26632 43112 17786 1983104 3546 0 327256 30178 0 0 0 0 0 0
 252       4 dm-4 371256 2 62921412 29832 43104 17784 1983104 5342 0 338824 35174 0 0 0 0 0 0
 252       5 dm-5 705032 52 72802660 54425 752114 15258 149342310 32192 0 76256 86617 0 0 0 0 0 0
 252       6 dm-6 10542 0 250636 1036 2256 10156 1814368 390 0 3748 1426 0 0 0 0 0 0
 252       7 dm-7 4526 0 184808 363 84 5078 81920 198 0 480 562 0 0 0 0 0 0
