  11       0 sr0 7 0 2 0 0 0 0 0 0 12 0 0 0 0 0 0 0
 259       0 nvme0n1 6644 1206 1402301 2445 3278 723 132209 1438 0 5060 3884 0 0 0 0 0 0
 259       1 nvme0n1p1 172 1172 14312 53 3 0 10 0 0 96 54 0 0 0 0 0 0
 259       2 nvme0n1p2 500 0 156790 116 9 0 4169 3 0 136 119 0 0 0 0 0 0
 259       3 nvme0n1p3 5859 34 1225623 2257 3266 723 128030 1434 0 4984 3692 0 0 0 0 0 0
 259       4 nvme0n2 104 0 5728 82 0 0 0 0 0 84 82 0 0 0 0 0 0
 259       5 nvme0n3 104 0 5728 78 0 0 0 0 0 96 78 0 0 0 0 0 0
 259       6 nvme0n4 104 0 5728 70 0 0 0 0 0 80 70 0 0 0 0 0 0
 259       7 nvme0n5 104 0 5728 78 0 0 0 0 0 104 78 0 0 0 0 0 0
 259       8 nvme0n6 104 0 5728 69 0 0 0 0 0 92 69 0 0 0 0 0 0
 259       9 nvme0n7 104 0 5728 73 0 0 0 0 0 92 73 0 0 0 0 0 0
 252       0 dm-0 5373 0 1214151 2000 3953 0 128030 976 0 4932 2976 0 0 0 0 0 0
 252       1 dm-1 97 0 4432 16 0 0 0 0 0 16 16 0 0 0 0 0 0
 252       2 dm-2 57590 0 6743976 9416 5590 0 44720 1187 0 48712 10604 0 0 0 0 0 0
 252       3 dm-3 53438 0 6743520 9031 5590 0 44720 1176 0 47040 10208 0 0 0 0 0 0
 252       4 dm-4 57882 0 6744296 9185 5590 0 44720 1273 0 48580 10459 0 0 0 0 0 0
 252       5 dm-5 9626 0 689140 895 2542 0 463684 769 0 2892 1664 0 0 0 0 0 0
 252       6 dm-6 3738 0 64168 650 554 0 17984 39 0 1744 689 0 0 0 0 0 0
 252       7 dm-7 1026 0 42364 138 0 0 0 0 0 124 138 0 0 0 0 0 0
