  11       0 sr0 7 0 2 0 0 0 0 0 0 12 0 0 0 0 0 0 0
 259       0 nvme0n1 6968 1200 1352430 2549 18756 3716 2677050 62536 0 19948 65086 0 0 0 0 0 0
 259       1 nvme0n1p1 172 1172 14312 17 3 0 10 0 0 76 17 0 0 0 0 0 0
 259       2 nvme0n1p2 501 0 156790 60 9 0 4169 1 0 124 62 0 0 0 0 0 0
 259       3 nvme0n1p3 6182 28 1175752 2458 18744 3716 2672871 62535 0 19888 64993 0 0 0 0 0 0
 259       4 nvme0n2 104 0 5728 15 0 0 0 0 0 48 15 0 0 0 0 0 0
 259       5 nvme0n3 104 0 5728 9 0 0 0 0 0 44 9 0 0 0 0 0 0
 259       6 nvme0n4 104 0 5728 6 0 0 0 0 0 40 6 0 0 0 0 0 0
 259       7 nvme0n5 104 0 5728 12 0 0 0 0 0 48 12 0 0 0 0 0 0
 259       8 nvme0n6 104 0 5728 9 0 0 0 0 0 48 9 0 0 0 0 0 0
 259       9 nvme0n7 104 0 5728 9 0 0 0 0 0 48 9 0 0 0 0 0 0
 252       0 dm-0 5745 0 1161208 2100 21269 0 2672871 53636 0 19824 55736 0 0 0 0 0 0
 252       1 dm-1 97 0 4432 0 0 0 0 0 0 12 0 0 0 0 0 0 0
 252       2 dm-2 134168 4 14361140 6523 12018 2539 136768 645 0 93584 7169 0 0 0 0 0 0
 252       3 dm-3 123276 4 14377684 6088 12018 2539 136768 619 0 89268 6708 0 0 0 0 0 0
 252       4 dm-4 136048 1 14375364 7049 12018 2539 136768 947 0 94620 7997 0 0 0 0 0 0
 252       5 dm-5 59650 1 4407868 4465 20646 2539 1463882 1271 0 9656 5737 0 0 0 0 0 0
 252       6 dm-6 39482 3 648184 2960 2818 2539 245248 160 0 4900 3120 0 0 0 0 0 0
 252       7 dm-7 2462 0 100976 118 42 2539 40960 53 0 212 172 0 0 0 0 0 0
