  11       0 sr0 7 0 2 0 0 0 0 0 0 12 0 0 0 0 0 0 0
 259       0 nvme0n1 6868 1206 1407533 2498 9733 2132 222200 4214 0 11864 6712 0 0 0 0 0 0
 259       1 nvme0n1p1 172 1172 14312 53 3 0 10 0 0 96 54 0 0 0 0 0 0
 259       2 nvme0n1p2 500 0 156790 116 9 0 4169 3 0 136 119 0 0 0 0 0 0
 259       3 nvme0n1p3 6083 34 1230855 2310 9721 2132 218021 4210 0 11788 6520 0 0 0 0 0 0
 259       4 nvme0n2 104 0 5728 82 0 0 0 0 0 84 82 0 0 0 0 0 0
 259       5 nvme0n3 104 0 5728 78 0 0 0 0 0 96 78 0 0 0 0 0 0
 259       6 nvme0n4 104 0 5728 70 0 0 0 0 0 80 70 0 0 0 0 0 0
 259       7 nvme0n5 104 0 5728 78 0 0 0 0 0 104 78 0 0 0 0 0 0
 259       8 nvme0n6 104 0 5728 69 0 0 0 0 0 92 69 0 0 0 0 0 0
 259       9 nvme0n7 104 0 5728 73 0 0 0 0 0 92 73 0 0 0 0 0 0
 252       0 dm-0 5591 0 1217847 2036 11815 0 218021 1640 0 11744 3676 0 0 0 0 0 0
 252       1 dm-1 97 0 4432 16 0 0 0 0 0 16 16 0 0 0 0 0 0
 252       2 dm-2 124480 0 14099732 12640 11704 2539 134256 1598 0 95752 14239 0 0 0 0 0 0
 252       3 dm-3 114146 0 14102876 12004 11704 2539 134256 1563 0 91792 13567 0 0 0 0 0 0
 252       4 dm-4 125268 0 14100576 12683 11704 2539 134256 1835 0 95936 14519 0 0 0 0 0 0
 252       5 dm-5 11190 0 761484 959 2774 2539 506908 886 0 3136 1846 0 0 0 0 0 0
 252       6 dm-6 4742 0 103968 707 626 2539 59520 140 0 1884 848 0 0 0 0 0 0
 252       7 dm-7 2050 0 84216 189 42 2539 40960 126 0 212 315 0 0 0 0 0 0
