  11       0 sr0 7 0 2 0 0 0 0 0 0 12 0 0 0 0 0 0 0
 259       0 nvme0n1 7124 1206 1432021 2565 1833163 19445 40695003 259486 0 2379240 262051 0 0 0 0 0 0
 259       1 nvme0n1p1 172 1172 14312 53 3 0 10 0 0 96 54 0 0 0 0 0 0
 259       2 nvme0n1p2 500 0 156790 116 9 0 4169 3 0 136 119 0 0 0 0 0 0
 259       3 nvme0n1p3 6339 34 1255343 2377 1833151 19445 40690824 259482 0 2379164 261859 0 0 0 0 0 0
 259       4 nvme0n2 104 0 5728 82 0 0 0 0 0 84 82 0 0 0 0 0 0
 259       5 nvme0n3 104 0 5728 78 0 0 0 0 0 96 78 0 0 0 0 0 0
 259       6 nvme0n4 104 0 5728 70 0 0 0 0 0 80 70 0 0 0 0 0 0
 259       7 nvme0n5 104 0 5728 78 0 0 0 0 0 104 78 0 0 0 0 0 0
 259       8 nvme0n6 104 0 5728 69 0 0 0 0 0 92 69 0 0 0 0 0 0
 259       9 nvme0n7 104 0 5728 73 0 0 0 0 0 92 73 0 0 0 0 0 0
 252       0 dm-0 5826 0 1237727 2088 1837592 0 40690824 192784 0 2381468 194872 0 0 0 0 0 0
 252       1 dm-1 97 0 4432 16 0 0 0 0 0 16 16 0 0 0 0 0 0
 252       2 dm-2 371054 3 62941456 28468 43218 20325 2077696 3806 0 336688 32274 0 0 0 0 0 0
 252       3 dm-3 353434 2 62998088 27873 43216 20325 2077696 3587 0 327956 31460 0 0 0 0 0 0
 252       4 dm-4 372018 2 62959072 31026 43210 20323 2077696 5404 0 339504 36430 0 0 0 0 0 0
 252       5 dm-5 735646 55 75111248 57181 784370 17802 160758342 33823 0 82780 91005 0 0 0 0 0 0
 252       6 dm-6 10750 0 259032 2231 2256 10156 1814368 390 0 4360 2622 0 0 0 0 0 0
 252       7 dm-7 4734 0 193204 1558 84 5078 81920 198 0 1096 1757 0 0 0 0 0 0
