  11       0 sr0 7 0 2 0 0 0 0 0 0 12 0 0 0 0 0 0 0
 259       0 nvme0n1 6810 1200 1338782 2518 10732 2075 209287 2975 0 12548 5494 0 0 0 0 0 0
 259       1 nvme0n1p1 172 1172 14312 17 3 0 10 0 0 76 17 0 0 0 0 0 0
 259       2 nvme0n1p2 501 0 156790 60 9 0 4169 1 0 124 62 0 0 0 0 0 0
 259       3 nvme0n1p3 6024 28 1162104 2427 10720 2075 205108 2973 0 12488 5401 0 0 0 0 0 0
 259       4 nvme0n2 104 0 5728 15 0 0 0 0 0 48 15 0 0 0 0 0 0
 259       5 nvme0n3 104 0 5728 9 0 0 0 0 0 44 9 0 0 0 0 0 0
 259       6 nvme0n4 104 0 5728 6 0 0 0 0 0 40 6 0 0 0 0 0 0
 259       7 nvme0n5 104 0 5728 12 0 0 0 0 0 48 12 0 0 0 0 0 0
 259       8 nvme0n6 104 0 5728 9 0 0 0 0 0 48 9 0 0 0 0 0 0
 259       9 nvme0n7 104 0 5728 9 0 0 0 0 0 48 9 0 0 0 0 0 0
 252       0 dm-0 5595 0 1149096 2076 12768 0 205108 720 0 12436 2796 0 0 0 0 0 0
 252       1 dm-1 97 0 4432 0 0 0 0 0 0 12 0 0 0 0 0 0 0
 252       2 dm-2 131310 3 14129792 6372 11814 2539 135136 634 0 92092 7007 0 0 0 0 0 0
 252       3 dm-3 120022 3 14142244 5922 11814 2539 135136 608 0 87820 6530 0 0 0 0 0 0
 252       4 dm-4 133158 0 14131704 6892 11814 2539 135136 926 0 93096 7818 0 0 0 0 0 0
 252       5 dm-5 51902 1 3868312 4172 20294 2539 1241756 1236 0 8772 5408 0 0 0 0 0 0
 252       6 dm-6 38802 3 629344 2926 2752 2539 244192 157 0 4644 3084 0 0 0 0 0 0
 252       7 dm-7 2050 0 84216 101 42 2539 40960 53 0 172 155 0 0 0 0 0 0
