  11       0 sr0 7 0 2 0 0 0 0 0 0 12 0 0 0 0 0 0 0
 259       0 nvme0n1 6598 1200 1333534 2471 3683 655 115939 933 0 4980 3405 0 0 0 0 0 0
 259       1 nvme0n1p1 172 1172 14312 17 3 0 10 0 0 76 17 0 0 0 0 0 0
 259       2 nvme0n1p2 501 0 156790 60 9 0 4169 1 0 124 62 0 0 0 0 0 0
 259       3 nvme0n1p3 5812 28 1156856 2380 3671 655 111760 931 0 4920 3312 0 0 0 0 0 0
 259       4 nvme0n2 104 0 5728 15 0 0 0 0 0 48 15 0 0 0 0 0 0
 259       5 nvme0n3 104 0 5728 9 0 0 0 0 0 44 9 0 0 0 0 0 0
 259       6 nvme0n4 104 0 5728 6 0 0 0 0 0 40 6 0 0 0 0 0 0
 259       7 nvme0n5 104 0 5728 12 0 0 0 0 0 48 12 0 0 0 0 0 0
 259       8 nvme0n6 104 0 5728 9 0 0 0 0 0 48 9 0 0 0 0 0 0
 259       9 nvme0n7 104 0 5728 9 0 0 0 0 0 48 9 0 0 0 0 0 0
 252       0 dm-0 5389 0 1145384 2032 4300 0 111760 176 0 4868 2208 0 0 0 0 0 0
 252       1 dm-1 97 0 4432 0 0 0 0 0 0 12 0 0 0 0 0 0 0
 252       2 dm-2 61976 0 6754660 3104 5650 0 45200 309 0 44272 3414 0 0 0 0 0 0
 252       3 dm-3 57838 0 6754232 2924 5650 0 45200 290 0 42640 3214 0 0 0 0 0 0
 252       4 dm-4 63000 0 6755712 3346 5650 0 45200 459 0 44764 3805 0 0 0 0 0 0
 252       5 dm-5 28364 1 2068022 3285 18964 0 956992 1107 0 7264 4393 0 0 0 0 0 0
 252       6 dm-6 22112 3 331808 2351 2196 0 163200 90 0 3500 2442 0 0 0 0 0 0
 252       7 dm-7 1026 0 42364 56 0 0 0 0 0 84 56 0 0 0 0 0 0
