  11       0 sr0 7 0 2 0 0 0 0 0 0 12 0 0 0 0 0 0 0
 259       0 nvme0n1 7062 1206 1427021 2555 19846 3726 4159179 51765 0 45224 54321 0 0 0 0 0 0
 259       1 nvme0n1p1 172 1172 14312 53 3 0 10 0 0 96 54 0 0 0 0 0 0
 259       2 nvme0n1p2 500 0 156790 116 9 0 4169 3 0 136 119 0 0 0 0 0 0
 259       3 nvme0n1p3 6277 34 1250343 2367 19834 3726 4155000 51761 0 45148 54129 0 0 0 0 0 0
 259       4 nvme0n2 104 0 5728 82 0 0 0 0 0 84 82 0 0 0 0 0 0
 259       5 nvme0n3 104 0 5728 78 0 0 0 0 0 96 78 0 0 0 0 0 0
 259       6 nvme0n4 104 0 5728 70 0 0 0 0 0 80 70 0 0 0 0 0 0
 259       7 nvme0n5 104 0 5728 78 0 0 0 0 0 104 78 0 0 0 0 0 0
 259       8 nvme0n6 104 0 5728 69 0 0 0 0 0 92 69 0 0 0 0 0 0
 259       9 nvme0n7 104 0 5728 73 0 0 0 0 0 92 73 0 0 0 0 0 0
 252       0 dm-0 5776 0 1235799 2084 21722 0 4155000 39048 0 45096 41132 0 0 0 0 0 0
 252       1 dm-1 97 0 4432 16 0 0 0 0 0 16 16 0 0 0 0 0 0
 252       2 dm-2 139766 2 14576952 13148 12952 2554 1232416 1750 0 99188 14898 0 0 0 0 0 0
 252       3 dm-3 130430 0 14592688 12529 12950 2553 1232416 1711 0 95160 14240 0 0 0 0 0 0
 252       4 dm-4 140778 2 14610820 13222 12948 2553 1232416 1999 0 99360 15222 0 0 0 0 0 0
 252       5 dm-5 25078 0 1453112 1557 46388 2539 12030328 3101 0 7584 4658 0 0 0 0 0 0
 252       6 dm-6 7990 0 158184 871 1776 2539 1681888 285 0 3352 1157 0 0 0 0 0 0
 252       7 dm-7 2670 0 109372 235 42 2539 40960 126 0 276 361 0 0 0 0 0 0
